2
2
2
2
2
2
2
2
2
2
2
2
2
2
2
3
1
1
1
1
1
1
1
1
1
1
1
1
1
2
2
1
1
2
1
2
2
1
2
1
1
2
1
1
2
2
1
1
1
1
1
1
1
1
1
1
1
1
1
2
2
1
1
1
1
1
1
1
1
2
1
2
2
1
2
2
1
1
1
1
1
1
1
1
1
1
1
1
1
2
2
2
2
2
2
2
2
2
2
2
2
1
1
1
2
2
1
1
1
1
1
1
1
1
1
1
1
1
1
2
2
1
2
1
2
2
1
2
2
1
2
2
2
2
2
2
1
1
1
1
1
1
1
1
1
1
1
1
1
2
2
2
2
1
1
2
1
1
2
2
1
1
2
1
2
2
1
1
1
1
1
1
1
1
1
1
1
1
1
2
2
1
1
1
1
2
2
1
1
2
2
2
1
1
2
2
1
1
1
1
1
1
1
1
1
1
1
1
1
2
2
2
2
2
2
2
2
2
2
2
2
2
2
0
2
9
5
-1
-1
4
-1
-1
5
9
6
6
13
6
4
5
5
6
3
13
6
5
9
5
9
1
4
12
2

13
12
2
12
6
6
2
11
7
6
1
-1
-1
0
3
2
10
12
0
5
11
20
4
20
0